256
50403126273.29007
512
156310097915.44513
768
211063310817.58615
1024
281380380919.9096
1280
404278214928.9661
1536
446688680788.4038
1792
463556133477.76556
2048
473971456873.9855
2304
470454896893.73627
2560
464727553188.4692
2816
461671869115.2492
3072
446254721523.86945
3328
409622894362.3576
3584
407479784403.3459
3840
402377738737.27673
4096
402401695484.73724
4352
400628825441.13403
4608
397467698050.17706
4864
398017298811.09375
5120
398908438066.6152
blur2d.data:
      size        Blocks
0    256.0  5.040313e+10
1    512.0  1.563101e+11
2    768.0  2.110633e+11
3   1024.0  2.813804e+11
4   1280.0  4.042782e+11
5   1536.0  4.466887e+11
6   1792.0  4.635561e+11
7   2048.0  4.739715e+11
8   2304.0  4.704549e+11
9   2560.0  4.647276e+11
10  2816.0  4.616719e+11
11  3072.0  4.462547e+11
12  3328.0  4.096229e+11
13  3584.0  4.074798e+11
14  3840.0  4.023777e+11
15  4096.0  4.024017e+11
16  4352.0  4.006288e+11
17  4608.0  3.974677e+11
18  4864.0  3.980173e+11
19  5120.0  3.989084e+11
